0
0.0384
0.0768
0.128
0.1776
0.2262
0.2757
0.3258
0.3761
0.4259
0.4753
0.5255
0.5759
0.6259
0.6755
0.7253
0.7756
0.8256
0.8753
0.9254
0.9755
1.0254
1.0753
1.1252
1.1751
1.2251
1.2753
1.3254
1.3753
1.4252
1.4752
1.5252
1.5751
1.6252
1.6752
1.7251
1.7751
1.8252
1.8752
1.9251
1.9751
2.0251
2.0751
2.1252
2.1752
2.2253
2.2752
2.325
2.375
2.4251
2.4752
2.5252
2.5752
2.6252
2.6751
2.7251
2.7751
2.8251
2.875
2.9251
2.9751
3.025
3.0751
3.1251
3.1751
3.225
3.2751
3.3251
3.3751
3.4251
3.4751
3.5251
3.5751
3.6251
3.6751
3.7251
3.7751
3.825
3.8751
3.9251
3.975
4
4
4
4
4
4
4
4
4
4
4
4
4
4
4
4
4
4
4
4
4
4
4
4
4
4
4
4
4
4
4
4
4
4
4
4
4
4
4
4
4
4
4
4
4
4
4
4
4
4
4
4
4
4
4
4
4
4
4
4
4
4
4
4
4
4
4
4
4
4
4
4
4
4
4
4
4
4
4
4
4
4
4
4
4
4
4
4
4
4
4
4
4
4
4
4
4
4
4
4
4
4
4
4
4
4
4
4
4
4
4
4
4
4
4
4
4
4
4
4
4
4
4
4
4
4
4
4
4
4
4
4
4
4
4
4
4
4
4
4
4
4
4
4
4
4
4
4
4
4
4
4
4
4
4
4
4
4
4
4
4
4
4
4
4
4
4
4
4
4
3.9745
3.9245
3.8745
3.8245
3.7745
3.7244
3.6745
3.6244
3.5744
3.5245
3.4744
3.4244
3.3744
3.3244
3.2744
3.2244
3.1744
3.1244
3.0744
3.0245
2.9745
2.9245
2.8744
2.8244
2.7745
2.7244
2.6744
2.6244
2.5743
2.5244
2.4744
2.4244
2.3744
2.3244
2.2744
2.2242
2.1743
2.1243
2.0743
2.0243
1.9743
1.9243
1.8743
1.8244
1.7744
1.7243
1.6742
1.6243
1.5745
1.5244
1.4744
1.4242
1.3741
1.3243
1.2743
1.2242
1.1742
1.1243
1.0742
1.024
0.9739
0.924
0.874
0.8238
0.7738
0.7237
0.6739
0.624
0.5739
0.5242
0.4736
0.4235
0.3741
0.3234
0.2723
0.2219
0.1729
0.1237
0.0679
