0
-0
0
-0
0
-0
0
-0
0
-0
0
0.0992656
0
0.155989
0
0.173006
0.158825
0.337503
0.158825
0.490656
0.144644
0.609774
0.144644
0.714712
0.144644
0.845176
0.130463
0.884882
0.130463
0.830995
0.130463
0.743074
0.130463
0.660825
0.127627
0.510509
0.155989
0.46513
0.286452
0.46513
0.453786
0.519017
0.493492
0.510509
0.48782
0.527526
0.640972
0.70904
0.862193
0.774272
0.802633
0.913244
0.918916
0.972803
0.998328
1.07774
1.05505
1.10043
1.25075
1.17417
1.45495
1.25075
1.82081
1.48615
1.91441
2.02785
1.8747
2.36252
1.72155
2.22355
1.71588
2.31431
1.8747
2.19802
2.09876
2.18952
2.41924
2.13279
2.65465
2.29162
2.71137
2.35118
2.68868
2.54971
2.73973
2.78511
2.63196
2.76242
2.96662
2.88437
3.26726
3.12545
3.19068
3.16515
3.44593
3.6473
3.34951
3.76926
3.65297
3.61894
3.84583
3.74657
3.80045
4.09825
4.04436
4.29678
4.18901
4.53502
4.29678
4.35351
4.36485
4.50666
4.36201
4.69668
4.24573
4.73355
4.345
4.76191
4.45277
4.98597
4.51517
5.13061
4.55204
5.52484
4.98597
5.20719
5.07673
5.69217
5.06822
4.99448
4.93775
5.79427
5.05687
5.13629
4.71086
5.81129
5.33482
5.70068
4.85551
5.39154
5.63545
5.28093
5.29795
6.49197
5.76591
5.85667
6.49197
6.78977
6.48346
6.60825
6.25941
6.41823
6.1885
6.49197
6.21686
6.71319
6.19701
6.38703
6.46928
6.44943
6.35583
6.79828
6.46077
6.43241
6.67065
6.90605
7.02233
7.20385
6.80962
7.028
7.03651
7.09891
7.09891
7.36834
7.0592
7.1613
7.05353
7.23221
7.15847
7.22654
7.07055
7.3882
7.35984
7.53
7.16981
7.40521
7.37118
7.58389
7.64912
7.46477
7.5612
7.74839
7.6236
7.8902
7.6945
7.84198
7.87034
7.73421
7.86467
7.81362
7.77675
7.6633
7.83915
7.93558
7.65763
7.80228
7.73421
8.04902
7.72286
7.89871
7.84765
7.98663
8.07171
8.13694
7.85616
7.93841
8.21068
8.05186
8.32413
8.02633
8.15112
8.30995
8.21919
8.24188
8.10575
8.06604
7.97528
8.23621
7.68032
7.51866
7.83064
7.83915
8.05186
7.49313
7.859
7.96961
8.1568
8.17949
8.1256
7.97812
8.08022
8.41772
8.15112
8.56804
8.30144
8.53968
8.3922
8.36667
8.01215
8.24472
7.99514
8.17381
8.03768
8.03768
7.80228
8.11142
7.75973
7.94408
7.70585
7.89587
7.73421
7.7257
7.48179
7.68883
7.41939
7.70585
7.30878
7.40805
7.14712
7.43358
7.04219
7.09324
6.99681
6.96277
6.94859
7.11309
6.87202
6.70752
6.7529
6.526
6.6196
6.71603
6.60825
6.74155
6.61676
6.526
6.91172
6.66214
6.90321
6.94008
6.75006
7.05069
6.72454
6.526
6.70468
6.62811
6.4239
6.73588
6.4551
6.86067
6.09774
6.38987
5.80278
5.90489
5.80846
5.56171
5.51917
5.63261
5.64679
5.61843
5.49081
5.63829
5.34333
5.29511
5.31496
5.17883
5.07673
5.13061
4.89521
4.99731
4.63996
4.58323
4.37052
4.43292
4.37052
4.51233
4.29395
4.29395
3.97913
3.99331
3.82031
3.84016
3.72955
3.80329
3.62745
3.56505
3.35234
3.17083
3.0744
3.02051
3.14247
3.11127
2.95244
2.91557
2.75958
2.63763
2.44761
2.49015
2.33132
2.16683
2.18668
2.21504
2.07607
1.93426
1.90306
1.86903
1.79813
1.66483
1.61945
1.59392
1.40106
1.42659