0
0.0279
0.0761
0.1255
0.1755
0.2254
0.2753
0.3252
0.3751
0.4251
0.4751
0.5251
0.5751
0.6251
0.6751
0.7251
0.7751
0.8251
0.8751
0.9251
0.9751
1.025
1.0751
1.1251
1.1751
1.2251
1.2751
1.3251
1.375
1.425
1.475
1.525
1.575
1.625
1.6751
1.725
1.775
1.825
1.875
1.925
1.975
2.025
2.075
2.125
2.175
2.225
2.275
2.325
2.375
2.425
2.475
2.525
2.575
2.625
2.675
2.725
2.775
2.825
2.875
2.925
2.975
3.025
3.075
3.125
3.1465
3.0994
3.0494
2.9994
2.9494
2.8994
2.8494
2.7994
2.7494
2.6994
2.6494
2.5994
2.5494
2.4994
2.4494
2.3994
2.3494
2.2994
2.2494
2.1994
2.1494
2.0994
2.0494
1.9994
1.9494
1.8994
1.8495
1.7995
1.7494
1.6994
1.6494
1.5994
1.5494
1.4994
1.4495
1.3995
1.3495
1.2994
1.2494
1.1994
1.1495
1.0995
1.0495
0.9995
0.9495
0.8995
0.8495
0.7994
0.7494
0.6995
0.6494
0.5994
0.5494
0.4994
0.4494
0.3994
0.3494
0.2994
0.2494
0.1994
0.1494
0.0994
0.0486
